2.457997887175893877e+06 9.888176237205977825e-01 1.000000000000000021e-02
2.457997887870338280e+06 1.014024149286771204e+00 1.000000000000000021e-02
2.457997888564782683e+06 9.814116166329025504e-01 1.000000000000000021e-02
2.457997889259227552e+06 1.018960787158381232e+00 1.000000000000000021e-02
2.457997889953671955e+06 9.884541050648322225e-01 1.000000000000000021e-02
2.457997890648116358e+06 1.009655979644601631e+00 1.000000000000000021e-02
2.457997891342560761e+06 1.002927668496155222e+00 1.000000000000000021e-02
2.457997892037005164e+06 1.001928155202261861e+00 1.000000000000000021e-02
2.457997892731449567e+06 9.858661914474986521e-01 1.000000000000000021e-02
2.457997893425893970e+06 9.941698678352216545e-01 1.000000000000000021e-02
2.457997894120338373e+06 9.996094164162803164e-01 1.000000000000000021e-02
2.457997894814782776e+06 9.947922747881149386e-01 1.000000000000000021e-02
2.457997895509227179e+06 9.848233468497340493e-01 1.000000000000000021e-02
2.457997896203671582e+06 9.979069869539313187e-01 1.000000000000000021e-02
2.457997896898116451e+06 1.022984756509009774e+00 1.000000000000000021e-02
2.457997897592560854e+06 9.901095061882462245e-01 1.000000000000000021e-02
2.457997898287005257e+06 1.004886322763999251e+00 1.000000000000000021e-02
2.457997898981449660e+06 9.888799007591453361e-01 1.000000000000000021e-02
2.457997899675894063e+06 9.854346835176300834e-01 1.000000000000000021e-02
2.457997900370338466e+06 1.010092555218754962e+00 1.000000000000000021e-02
2.457997901064782869e+06 1.009914742658072573e+00 1.000000000000000021e-02
2.457997901759227272e+06 9.895106709769815323e-01 1.000000000000000021e-02
2.457997902453671675e+06 1.017477827264123169e+00 1.000000000000000021e-02
2.457997903148116078e+06 9.963276829486251707e-01 1.000000000000000021e-02
2.457997903842560481e+06 1.020312804719303745e+00 1.000000000000000021e-02
2.457997904537004884e+06 1.008240964607763246e+00 1.000000000000000021e-02
2.457997905231449753e+06 1.009117057742090262e+00 1.000000000000000021e-02
2.457997905925894156e+06 9.880973375348244270e-01 1.000000000000000021e-02
2.457997906620338559e+06 1.006418593238253223e+00 1.000000000000000021e-02
2.457997907314782962e+06 9.952074587803289019e-01 1.000000000000000021e-02
2.457997908009227365e+06 9.892340567385098371e-01 1.000000000000000021e-02
2.457997908703671768e+06 9.876035847220117070e-01 1.000000000000000021e-02
2.457997909398116171e+06 9.891409376924015229e-01 1.000000000000000021e-02
2.457997910092560574e+06 1.012290714443804696e+00 1.000000000000000021e-02
2.457997910787004977e+06 9.972469965501130629e-01 1.000000000000000021e-02
2.457997911481449381e+06 9.930136342853604914e-01 1.000000000000000021e-02
2.457997912175893784e+06 9.986220962232763565e-01 1.000000000000000021e-02
2.457997912870338652e+06 1.014396889005557911e+00 1.000000000000000021e-02
2.457997913564783055e+06 9.911556342727897428e-01 1.000000000000000021e-02
2.457997914259227458e+06 9.972518280937293644e-01 1.000000000000000021e-02
2.457997914953671861e+06 9.935397304680472219e-01 1.000000000000000021e-02
2.457997915648116264e+06 1.008389600851891554e+00 1.000000000000000021e-02
2.457997916342560668e+06 9.982397736295302026e-01 1.000000000000000021e-02
2.457997917037005071e+06 9.994098273378042574e-01 1.000000000000000021e-02
2.457997917731449474e+06 9.978102789880676227e-01 1.000000000000000021e-02
2.457997918425893877e+06 9.877739188558070094e-01 1.000000000000000021e-02
2.457997919120338280e+06 1.017981188843734675e+00 1.000000000000000021e-02
2.457997919814782683e+06 1.003198002239404918e+00 1.000000000000000021e-02
2.457997920509227552e+06 9.921938631699858124e-01 1.000000000000000021e-02
2.457997921203671955e+06 1.017557810082906355e+00 1.000000000000000021e-02
2.457997921898116358e+06 1.009849046830193275e+00 1.000000000000000021e-02
2.457997922592560761e+06 9.866990319604751480e-01 1.000000000000000021e-02
2.457997923287005164e+06 1.008386376610832524e+00 1.000000000000000021e-02
2.457997923981449567e+06 1.008974793223385902e+00 1.000000000000000021e-02
2.457997924675893970e+06 1.001843812691872504e+00 1.000000000000000021e-02
2.457997925370338373e+06 9.904842125778628992e-01 1.000000000000000021e-02
2.457997926064782776e+06 9.989153078224949356e-01 1.000000000000000021e-02
2.457997926759227179e+06 1.002085262181820369e+00 1.000000000000000021e-02
2.457997927453671582e+06 1.003535886207711281e+00 1.000000000000000021e-02
2.457997928148116451e+06 1.001909377349192276e+00 1.000000000000000021e-02
2.457997928842560854e+06 9.911148732214721813e-01 1.000000000000000021e-02
2.457997929537005257e+06 9.944435040375748658e-01 1.000000000000000021e-02
2.457997930231449660e+06 9.980950781057483789e-01 1.000000000000000021e-02
2.457997930925894063e+06 9.860591556813437242e-01 1.000000000000000021e-02
2.457997931620338466e+06 9.977522022112140787e-01 1.000000000000000021e-02
2.457997932314782869e+06 1.007617144016921262e+00 1.000000000000000021e-02
2.457997933009227272e+06 1.002436681497613558e+00 1.000000000000000021e-02
2.457997933703671675e+06 9.995367287283449809e-01 1.000000000000000021e-02
2.457997934398116078e+06 1.009106646228002280e+00 1.000000000000000021e-02
2.457997935092560481e+06 1.009582960005618313e+00 1.000000000000000021e-02
2.457997935787004884e+06 1.012719168095828737e+00 1.000000000000000021e-02
2.457997936481449753e+06 9.974622088188280777e-01 1.000000000000000021e-02
2.457997937175894156e+06 9.984137611705654614e-01 1.000000000000000021e-02
2.457997937870338559e+06 1.010731674426610383e+00 1.000000000000000021e-02
2.457997938564782962e+06 1.001407938220467253e+00 1.000000000000000021e-02
2.457997939259227365e+06 1.007679040699591466e+00 1.000000000000000021e-02
2.457997939953671768e+06 1.006802692427822610e+00 1.000000000000000021e-02
2.457997940648116171e+06 9.903893294424034321e-01 1.000000000000000021e-02
2.457997941342560574e+06 9.880390657652480257e-01 1.000000000000000021e-02
2.457997942037004977e+06 9.993326242004856308e-01 1.000000000000000021e-02
2.457998058009227272e+06 1.009857796540058583e+00 1.000000000000000021e-02
2.457998058703671675e+06 9.985281209243748179e-01 1.000000000000000021e-02
2.457998059398116078e+06 1.007822266631772878e+00 1.000000000000000021e-02
2.457998060092560481e+06 1.016946685439279907e+00 1.000000000000000021e-02
2.457998060787004884e+06 9.889983381036852039e-01 1.000000000000000021e-02
2.457998061481449753e+06 1.003807447950995302e+00 1.000000000000000021e-02
2.457998062175894156e+06 9.980614272346356453e-01 1.000000000000000021e-02
2.457998062870338559e+06 9.874024246721875286e-01 1.000000000000000021e-02
2.457998063564782962e+06 9.891636200593149075e-01 1.000000000000000021e-02
2.457998064259227365e+06 1.006195511610109339e+00 1.000000000000000021e-02
2.457998064953671768e+06 9.836359357520279012e-01 1.000000000000000021e-02
2.457998065648116171e+06 1.003019212541934824e+00 1.000000000000000021e-02
2.457998066342560574e+06 1.009685388730559241e+00 1.000000000000000021e-02
2.457998067037004977e+06 1.006754320146902026e+00 1.000000000000000021e-02
2.457998067731449381e+06 1.014599858297450918e+00 1.000000000000000021e-02
2.457998068425893784e+06 9.978935238877659764e-01 1.000000000000000021e-02
2.457998069120338652e+06 9.780409080150264112e-01 1.000000000000000021e-02
2.457998069814783055e+06 1.000659992703299306e+00 1.000000000000000021e-02
2.457998070509227458e+06 9.821524363393417945e-01 1.000000000000000021e-02
2.457998071203671861e+06 1.002809048723714458e+00 1.000000000000000021e-02
2.457998071898116264e+06 1.009694129078471114e+00 1.000000000000000021e-02
2.457998072592560668e+06 9.761209850290626378e-01 1.000000000000000021e-02
2.457998073287005071e+06 9.922763219722606776e-01 1.000000000000000021e-02
2.457998073981449474e+06 1.006157641864541041e+00 1.000000000000000021e-02
2.457998074675893877e+06 9.725651000422832482e-01 1.000000000000000021e-02
2.457998075370338280e+06 1.013280600187848712e+00 1.000000000000000021e-02
2.457998076064782683e+06 9.978263765996867596e-01 1.000000000000000021e-02
2.457998076759227552e+06 9.941925694655248114e-01 1.000000000000000021e-02
2.457998077453671955e+06 9.941970812456089046e-01 1.000000000000000021e-02
2.457998078148116358e+06 9.968470519327679025e-01 1.000000000000000021e-02
2.457998078842560761e+06 1.011080017046429358e+00 1.000000000000000021e-02
2.457998079537005164e+06 9.756086493911447777e-01 1.000000000000000021e-02
2.457998080231449567e+06 9.922920201151361752e-01 1.000000000000000021e-02
2.457998080925893970e+06 1.015570770646271770e+00 1.000000000000000021e-02
2.457998081620338373e+06 1.003565744702459517e+00 1.000000000000000021e-02
2.457998082314782776e+06 9.931556402527773608e-01 1.000000000000000021e-02
2.457998083009227179e+06 1.000432684447313925e+00 1.000000000000000021e-02
2.457998083703671582e+06 9.944103596888075325e-01 1.000000000000000021e-02
2.457998084398116451e+06 1.008126145825839926e+00 1.000000000000000021e-02
2.457998085092560854e+06 1.007660512228344629e+00 1.000000000000000021e-02
2.457998085787005257e+06 1.000696462836099476e+00 1.000000000000000021e-02
2.457998086481449660e+06 9.990895185599355521e-01 1.000000000000000021e-02
2.457998087175894063e+06 9.920971565666817371e-01 1.000000000000000021e-02
2.457998087870338466e+06 9.891696875201897443e-01 1.000000000000000021e-02
2.457998088564782869e+06 9.738084575613475957e-01 1.000000000000000021e-02
2.457998089259227272e+06 1.000169491662841414e+00 1.000000000000000021e-02
2.457998089953671675e+06 1.001353313902717312e+00 1.000000000000000021e-02
2.457998090648116078e+06 9.944668111880798911e-01 1.000000000000000021e-02
2.457998091342560481e+06 1.023581074824594594e+00 1.000000000000000021e-02
2.457998092037004884e+06 1.002997646739086202e+00 1.000000000000000021e-02
2.457998092731449753e+06 9.987454911854134476e-01 1.000000000000000021e-02
2.457998093425894156e+06 1.007303855494949163e+00 1.000000000000000021e-02
2.457998094120338559e+06 9.931890461256720481e-01 1.000000000000000021e-02
2.457998094814782962e+06 9.903618937241226439e-01 1.000000000000000021e-02
2.457998095509227365e+06 9.963667698244027537e-01 1.000000000000000021e-02
2.457998096203671768e+06 9.916843957804190035e-01 1.000000000000000021e-02
2.457998096898116171e+06 1.005982667932657559e+00 1.000000000000000021e-02
2.457998097592560574e+06 9.854690732851610901e-01 1.000000000000000021e-02
2.457998098287004977e+06 1.008597822120755660e+00 1.000000000000000021e-02
2.457998098981449381e+06 9.971746823802004611e-01 1.000000000000000021e-02
2.457998099675893784e+06 9.909005168581643819e-01 1.000000000000000021e-02
2.457998100370338652e+06 9.982636170705455614e-01 1.000000000000000021e-02
2.457998101064783055e+06 9.998859634541776842e-01 1.000000000000000021e-02
2.457998101759227458e+06 1.005766138673822141e+00 1.000000000000000021e-02
2.457998102453671861e+06 1.000382898418829880e+00 1.000000000000000021e-02
2.457998103148116264e+06 9.921891396837025923e-01 1.000000000000000021e-02
2.457998103842560668e+06 9.982677916035629373e-01 1.000000000000000021e-02
2.457998104537005071e+06 9.990923801490408929e-01 1.000000000000000021e-02
2.457998105231449474e+06 1.006893095266849114e+00 1.000000000000000021e-02
2.457998105925893877e+06 1.017155142308069804e+00 1.000000000000000021e-02
2.457998106620338280e+06 9.910957102301424237e-01 1.000000000000000021e-02
2.457998107314782683e+06 1.003092138279789713e+00 1.000000000000000021e-02
2.457998108009227552e+06 9.902001614812447894e-01 1.000000000000000021e-02
2.457998108703671955e+06 1.004879630479801111e+00 1.000000000000000021e-02
2.457998109398116358e+06 1.013106785475935689e+00 1.000000000000000021e-02
2.457998110092560761e+06 9.889173270589298737e-01 1.000000000000000021e-02
2.457998110787005164e+06 9.918341425106993459e-01 1.000000000000000021e-02
2.457998111481449567e+06 1.019587071509671317e+00 1.000000000000000021e-02
2.457998112175893970e+06 9.987146284508618965e-01 1.000000000000000021e-02
2.457998112870338373e+06 9.871138886099656284e-01 1.000000000000000021e-02
